1001988.3
1001989.3
1004153.3
1005396.3
1005397.3
1005398.3
1005399.3
1005400.3
1005401.3
1005402.3
1005403.3
1005404.3
1005405.3
1005406.3
1005407.3
1005408.3
1005410.3
1005411.3
1005412.3
1005413.3
1005414.3
1005415.3
1005416.3
1005418.3
1005419.3
1005420.3
1005421.3
1005422.3
1005423.3
1005424.3
1005430.3
1005431.3
1005432.3
1005433.3
1005434.3
1005435.3
1005436.3
1005437.3
1005438.3
1005439.3
1005440.3
1005441.3
1005442.3
1005450.3
1005452.3
1005455.3
1005460.3
1005461.3
1005462.3
1005464.3
1005466.3
1005467.3
1005469.3
1005470.3
1005471.3
1005472.3
1005473.3
1005474.3
1005475.3
1005476.3
1005477.3
1005478.3
1005479.3
1005480.3
1005481.3
1005482.3
1005483.3
1005484.3
1005485.3
1005486.3
1005487.3
1005488.3
1005489.3
1005490.3
1005491.3
1005492.3
1005493.3
1005494.3
1005495.3
1005496.3
1005497.3
1005498.3
1005499.3
1005500.3
1005501.3
1005502.3
1005503.3
1005504.3
1005505.3
1005506.3
1005507.3
1005508.3
1005509.3
1005510.3
1005511.3
1005512.3
1005513.3
1005514.4
1005515.3
1005516.3
1005517.3
1005518.3
1005519.3
1005520.3
1005522.3
1005523.3
1005524.3
1005525.3
1005526.3
1005527.3
1005528.3
1005529.3
1005530.3
1005531.3
1005532.3
1005533.3
1005534.3
1005535.3
1005536.3
1005537.3
1005538.3
1005539.3
1005540.3
1005541.3
1005542.3
1005543.3
1005544.3
1005545.3
1005546.3
1005547.3
1005548.3
1005549.3
1005550.3
1005551.3
1005552.4
1005553.3
1005554.3
1005555.3
1005557.3
1005558.3
1005559.3
1005560.4
1005561.3
1005562.3
1005564.3
1005565.3
1005566.3
1005567.3
1010817.3
102862.23
1033813.3
1036672.3
1037411.3
1038844.18
1038927.31
1038927.41
1038927.45
1038927.4
1038927.5
1038927.6
1038927.7
1038927.83
1038927.8
1038927.9
1040638.5
1042803.5
1042804.3
1045010.15
1045010.16
1045010.21
1045010.44
1045010.61
1045010.62
1045010.63
1045010.64
1048254.3
1048254.4
1048256.3
1048265.3
1048266.3
1048334.3
1048689.4
1048765.4
1050617.5
1051346.3
1051347.3
1051348.3
1051349.3
1051350.3
1051351.3
1051352.3
1086030.18
1086030.22
1115511.3
1115511.6
1118236.3
1160722.3
1160722.4
1173775.3
1173775.4
1173776.3
1197719.3
1212563.3
1212565.3
1212567.3
1212570.3
1212573.3
1212574.3
1212575.3
1212576.3
1212577.3
1212579.3
1243617.3
1261127.3
1282357.3
1288825.4
1299282.3
1353980.3
1382510.3
1434135.3
1434143.3
1434147.3
1434150.3
1434151.3
1434152.3
1434153.3
1434154.3
1434155.3
1434156.3
1434157.3
1434158.3
1434159.3
1434160.3
1434161.3
1434162.3
1434163.3
1434164.3
1434165.3
1434166.3
1434167.3
1434168.3
1434169.3
1434170.3
1434171.3
1434172.3
1434173.3
1434180.3
1434181.3
1434182.3
1434183.3
1434184.3
1434185.3
1434186.3
1499973.101
1499973.102
1499973.103
1499973.104
1499973.105
1499973.106
1499973.107
1499973.108
1499973.109
1499973.111
1499973.113
1499973.11
1499973.121
1499973.122
1499973.124
1499973.127
1499973.128
1499973.12
1499973.133
1499973.134
1499973.135
1499973.136
1499973.137
1499973.138
1499973.139
1499973.13
1499973.141
1499973.142
1499973.143
1499973.144
1499973.145
1499973.146
1499973.147
1499973.148
1499973.149
1499973.14
1499973.151
1499973.152
1499973.153
1499973.154
1499973.155
1499973.156
1499973.157
1499973.158
1499973.159
1499973.15
1499973.161
1499973.162
1499973.163
1499973.164
1499973.169
1499973.177
1499973.23
1499973.24
1499973.25
1499973.27
1499973.28
1499973.29
1499973.31
1499973.32
1499973.33
1499973.34
1499973.35
1499973.39
1499973.3
1499973.41
1499973.42
1499973.43
1499973.44
1499973.51
1499973.52
1499973.53
1499973.6
1499973.7
1499973.8
1499973.9
1617964.3
1617964.7
1617964.8
1633494.5
1935181.3
1967586.3
1967587.3
198214.29
198214.7
198215.6
198215.9
202951.7
2042057.37
2042057.38
2042057.39
2042057.3
2042057.41
2042057.45
2042057.47
2042057.48
2042057.49
2042057.4
2042057.53
2042057.54
2042057.56
2042057.57
2042057.59
2042057.5
2042057.61
2042057.71
2042057.79
2042057.81
2042057.82
2042057.83
2042057.84
2042057.85
2042057.86
2042057.87
2042057.88
2049486.3
208224.167
208962.11
208962.121
208962.122
208962.123
208962.12
208962.13
208962.141
208962.153
208962.15
208962.176
208962.177
208962.178
208962.191
208962.192
208962.193
208962.194
208962.201
208962.202
208962.203
208962.204
208962.205
208962.206
208962.207
208962.208
208962.209
208962.211
208962.212
208962.213
208962.214
208962.215
208962.216
208962.217
208962.218
208962.219
208962.21
208962.221
208962.222
208962.223
208962.224
208962.225
208962.226
208962.227
208962.228
208962.229
208962.22
208962.231
208962.232
208962.233
208962.234
208962.235
208962.236
208962.237
208962.238
208962.239
208962.23
208962.241
208962.242
208962.243
208962.244
208962.245
208962.246
208962.247
208962.248
208962.249
208962.24
208962.25
208962.261
208962.262
208962.263
208962.264
208962.265
208962.266
208962.267
208962.269
208962.26
208962.271
208962.272
208962.273
208962.274
208962.275
208962.276
208962.277
208962.278
208962.279
208962.27
208962.281
208962.282
208962.283
208962.284
208962.285
208962.286
208962.287
208962.288
208962.289
208962.28
208962.291
208962.292
208962.293
208962.294
208962.295
208962.296
208962.297
208962.298
208962.299
208962.29
208962.301
208962.304
208962.305
208962.306
208962.307
208962.308
208962.309
208962.311
208962.312
208962.313
208962.314
208962.315
208962.316
208962.317
208962.318
208962.319
208962.31
208962.321
208962.322
208962.323
208962.324
208962.325
208962.326
208962.327
208962.328
208962.329
208962.32
208962.331
208962.332
208962.333
208962.334
208962.335
208962.336
208962.337
208962.33
208962.34
208962.35
208962.36
208962.52
208962.53
208962.68
208962.79
208962.81
208962.82
208962.85
208962.87
208962.88
208962.91
208962.92
218493.5
244366.635
2577118.3
2577118.4
2577118.5
2577121.3
290338.8
29379.39
300267.13
300268.11
344609.11
35703.111
35703.112
35703.115
35703.116
35703.117
35703.118
35703.119
35703.121
35703.124
35703.125
35703.126
35703.127
35703.128
35703.136
35703.145
35703.147
35703.148
35703.149
35703.152
35703.153
35703.154
35703.156
35703.158
35703.15
35703.161
35703.16
35703.17
35703.203
35703.204
35703.224
35703.225
35703.226
35703.227
35703.228
35703.24
35703.35
35703.51
35703.52
35703.53
35703.65
35703.76
35703.77
35703.78
35703.79
35703.81
35703.84
35703.85
35703.86
35703.87
35703.88
35703.89
35703.8
35703.91
35703.92
35703.93
35703.94
35703.95
358708.5
373384.11
374923.3
374923.6
374923.7
41434.9
424717.3
424717.4
424717.5
424719.5
42897.101
42897.102
42897.103
42897.104
42897.105
42897.106
42897.107
42897.108
42897.109
42897.111
42897.112
42897.113
42897.114
42897.115
42897.117
42897.118
42897.119
42897.11
42897.121
42897.122
42897.123
42897.124
42897.125
42897.126
42897.127
42897.128
42897.129
42897.12
42897.131
42897.132
42897.133
42897.134
42897.136
42897.137
42897.138
42897.139
42897.13
42897.141
42897.142
42897.143
42897.144
42897.145
42897.146
42897.147
42897.148
42897.149
42897.14
42897.15
42897.163
42897.16
42897.17
42897.18
42897.19
42897.55
42897.56
42897.57
42897.58
42897.59
42897.5
42897.61
42897.62
42897.63
42897.64
42897.65
42897.66
42897.67
42897.68
42897.69
42897.6
42897.71
42897.72
42897.73
42897.74
42897.75
42897.76
42897.77
42897.78
42897.79
42897.7
42897.81
42897.82
42897.83
42897.84
42897.85
42897.86
42897.87
42897.88
42897.89
42897.8
42897.91
42897.92
42897.93
42897.94
42897.95
42897.9
545.108
545.109
545.111
545.112
545.113
545.115
545.116
545.117
545.11
545.121
545.123
545.129
545.12
545.131
545.132
545.133
545.134
545.135
545.136
545.137
545.138
545.139
545.13
545.141
545.142
545.143
545.144
545.145
545.146
545.147
545.148
545.149
545.151
545.152
545.153
545.154
545.155
545.156
545.157
545.158
545.159
545.15
545.161
545.162
545.163
545.164
545.165
545.166
545.167
545.168
545.169
545.16
545.171
545.172
545.173
545.174
545.175
545.176
545.177
545.178
545.179
545.17
545.181
545.182
545.183
545.184
545.185
545.186
545.187
545.188
545.189
545.18
545.191
545.193
545.194
545.195
545.196
545.197
545.198
545.199
545.19
545.202
545.203
545.211
545.212
545.213
545.214
545.215
545.216
545.217
545.218
545.219
545.21
545.221
545.222
545.224
545.226
545.227
545.228
545.231
545.232
545.23
545.24
545.259
545.25
545.261
545.262
545.263
545.264
545.265
545.266
545.267
545.268
545.269
545.26
545.275
545.296
545.297
545.298
545.299
545.301
545.302
545.303
545.304
545.305
545.306
545.307
545.308
545.309
545.311
545.312
545.313
545.314
545.315
545.316
545.317
545.318
545.319
545.321
545.322
545.323
545.33
545.36
54736.12
54736.13
54736.14
54736.15
54736.18
54736.19
54736.23
54736.24
54736.29
54736.35
54736.5
54736.6
54736.7
550.3491
550.3492
550.3493
550.3494
550.3495
550.3496
550.3497
550.3498
550.3499
550.3501
550.3502
550.3503
550.3504
550.3505
550.3506
550.3507
550.3508
550.3509
550.3511
550.3512
550.3513
550.3514
550.3515
550.3516
550.3517
550.3518
550.3519
550.351
550.3521
550.3522
550.3523
550.3524
550.3525
550.3526
550.3527
550.3528
550.3529
550.352
550.3531
550.3532
550.3533
550.3534
550.3535
550.3536
550.3537
550.3538
550.3539
550.353
550.3541
550.3542
550.3543
550.3544
550.3545
550.3546
550.3547
550.3548
550.3549
550.354
550.3551
550.3552
550.3553
550.3554
550.3555
550.3556
550.3558
550.355
550.3631
550.3632
550.3658
550.3659
550.3661
550.3662
550.3663
550.366
550.3759
550.3761
550.3762
550.3763
550.3764
550.3765
550.3766
550.3767
550.3768
550.3769
550.3771
550.3772
550.391
550.3973
550.3991
550.3992
550.4347
550.4363
550.4364
550.4365
550.4366
550.4367
550.4368
550.437
550.461
550.462
550.463
550.464
550.465
550.466
550.471
550.472
550693.9
550694.3
564.101
564.102
564.103
564.105
564.106
564.107
564.108
564.111
564.112
564.113
564.114
564.116
564.117
564.118
564.119
564.11
564.121
564.122
564.123
564.124
564.125
564.126
564.127
564.128
564.129
564.12
564.131
564.132
564.133
564.135
564.136
564.137
564.138
564.139
564.13
564.141
564.142
564.143
564.144
564.145
564.14
564.157
564.158
564.167
564.168
564.171
564.172
564.174
564.175
564.176
564.177
564.178
564.179
564.181
564.182
564.183
564.184
564.185
564.186
564.187
564.188
564.189
564.192
564.193
564.194
564.195
564.196
564.197
564.198
564.199
564.201
564.202
564.203
564.204
564.205
564.206
564.207
564.213
564.22
564.23
564.248
564.24
564.25
564.288
564.289
564.28
564.291
564.33
564.343
564.34
564.388
564.391
564.392
564.393
564.401
564.402
564.403
564.405
564.406
564.407
564.408
564.409
564.411
564.412
564.413
564.414
564.415
564.427
564.428
564.429
564.431
564.432
564.433
564.434
564.443
564.446
564.447
564.448
564.449
564.44
564.451
564.453
564.45
564.468
564.46
564.47
564.48
564.52
564.77
564.78
564.83
564.87
564.88
564.91
564.92
564.93
564.95
564.96
564.97
564.98
564.99
573.12935
573.12961
573.13002
573.1344
573.1377
573.1378
573.1379
573.1381
573.1382
573.1383
573.1384
573.1385
573.1386
573.1387
573.1388
573.1389
573.1391
573.1393
573.1394
573.1395
573.1396
573.1397
573.1398
573.1399
573.1401
573.1402
573.1403
573.1404
573.1405
573.1406
573.1407
573.1408
573.1409
573.1411
573.1412
573.1413
573.1414
573.1415
573.1416
573.1417
573.1418
573.1419
573.1421
573.1422
573.1424
573.1425
573.1426
573.1427
573.1428
573.1429
573.1431
573.1432
573.1433
573.1434
573.1435
573.1436
573.1437
573.1438
573.1439
573.1441
573.1442
573.1443
573.1444
573.1445
573.1446
573.1447
573.1448
573.1449
573.1451
573.1452
573.1453
573.1454
573.1455
573.1456
573.1457
573.1458
573.1459
573.1461
573.1462
573.1463
573.1464
573.1465
573.1466
573.1467
573.1468
573.1469
573.1471
573.1472
573.1473
573.1474
573.1762
573.27722
573.27723
573.27724
573.27725
573.27726
573.27727
573.27728
573.27729
573.27731
573.29121
573.29122
573.29123
573.29124
573.29125
573.29127
573.29128
573.29131
573.37817
573.43917
573.43918
573.43919
573.43932
573.43935
573.44636
573.45848
573.45849
573.46591
573.46651
573.48266
573.48278
573.49545
573.50951
573.50953
573.51907
573.51908
573.51909
573.51911
573.52182
573.52661
573.52665
573.52717
573.52719
573.52721
573.52722
573.52723
573.53612
573.53613
573.53614
573.53615
573.53616
573.53617
573.55246
573.55313
573.55316
573.62366
573.62388
573.63276
573.7354
585054.5
591020.3
621.101
621.103
621.104
621.105
621.109
621.111
621.112
621.113
621.114
621.115
621.116
621.117
621.118
621.119
621.121
621.122
621.123
621.124
621.125
621.126
621.127
621.128
621.129
621.131
621.132
621.133
621.134
621.135
621.136
621.139
621.148
621.149
621.151
621.152
621.153
621.154
621.155
621.156
621.157
621.161
621.166
621.167
621.168
621.169
621.174
621.175
621.176
621.177
621.213
621.214
621.215
621.216
621.217
621.218
621.219
621.221
621.222
621.223
621.224
621.225
621.229
621.231
621.233
621.241
621.244
621.245
621.246
621.247
621.248
621.249
621.251
621.252
621.253
621.254
621.255
621.256
621.258
621.272
621.273
621.274
621.275
621.276
621.277
621.278
621.279
621.296
621.297
621.305
621.307
621.308
621.314
621.315
621.316
621.321
621.322
621.323
621.324
621.337
621.338
621.339
621.356
621.357
621.358
621.359
621.361
621.365
621.85
621.86
621.87
621.88
621.89
621.91
621.92
621.93
621.94
621.95
621.96
621.97
621.98
621.99
622.104
622.107
622.109
622.112
622.123
622.124
622.135
622.142
622.145
622.146
622.151
622.152
622.153
622.157
622.158
622.163
622.173
622.174
622.183
622.184
622.185
622.189
622.191
622.193
622.194
622.195
622.196
622.198
622.201
622.206
622.207
622.208
622.209
622.211
622.216
622.224
622.225
622.233
622.234
622.235
622.236
622.241
622.243
622.246
622.247
622.252
622.253
622.254
622.257
622.261
622.263
622.264
622.265
622.266
622.267
622.271
622.272
622.273
622.275
622.276
622.277
622.278
622.279
622.281
622.282
622.283
622.284
622.285
622.286
622.291
622.292
622.293
622.294
622.295
622.296
622.297
622.298
622.299
622.301
622.302
622.305
622.306
622.307
622.308
622.309
622.311
622.312
622.318
622.319
622.327
622.328
622.329
622.331
622.332
622.333
622.334
622.341
622.342
622.347
622.348
622.349
622.351
622.352
622.353
622.354
622.357
622.358
622.359
622.365
622.366
622.369
622.378
622.379
622.381
622.382
622.383
622.386
622.387
622.388
622.389
622.391
622.392
622.393
622.394
622.395
622.396
622.397
622.398
622.402
622.403
622.419
622.421
622.422
622.423
622.424
622.425
622.426
622.427
622.428
622.433
622.434
622.435
622.436
622.437
622.439
622.442
622.443
622.445
622.447
622.448
622.451
622.476
622.477
622.478
622.479
622.521
622.523
622.565
622.568
622.569
622.61
622.62
622.66
622.67
622.68
622.81
622.88
623.1664
623.1665
623.1666
623.1667
623.1668
623.1669
623.1671
623.1672
623.1673
623.1674
623.1675
623.1676
623.1677
623.1679
623.1852
623.1859
623.1955
623.2301
623.2302
623.2303
623.2304
623.2307
754093.3
754093.4
766138.3
766139.3
766140.3
766141.3
766142.3
766143.3
766155.3
766157.3
766158.3
766159.3
766160.3
766161.3
932676.3
941429.3
981367.3
